function r=irb1400_dh()
	r=[-pi/2, 0.15, 0, 0.475;
		0, 0.6, -pi/2,0;
		-pi/2, 0.12, 0, 0;
		pi/2, 0, 0, 0.72;
		-pi/2, 0, 0, 0;
		0, 0, pi, 0.085];
end
